4.41992060576078
5.01701794588380
4.17941105303196
5.04752538711957
4.43889433522350
4.42617691922776
4.77886902053014
5.17621160861980
4.09221807937057
4.43810856533096
4.46120678755521
4.39987352773992
4.37048884848883
4.24752890716436
3.92897270123553
4.10689515379110
3.68126695649488
3.73330563579585
3.59682404656385
3.80399372975041
3.56257224940264
3.35983929326216
3.30646796367818
3.13025766975938
3.04019461383301
2.88082923030505
2.78539764190679
2.71435007765165
2.55937056477604
2.41892768220616
2.33199978870603
2.10096797544265
1.96468489203781
1.86718143240578
1.72270169707018
1.57055119168613
1.43484010782190
1.29283464183642
1.15550465034280
1.03047415774986
0.907545248943162
0.775950347999994
0.661540836771582
0.546634917805911
0.437861891850598
0.339401277013361
0.246664437177723
0.159141734592510
0.0768195883543153
0.00477156367932650
0.00475523820398483
0.0755989218000789
0.154809203683572
0.237148741863494
0.323647965553806
0.412640119865536
0.507446529977369
0.604390715274740
0.707342762879593
0.808183848304852
0.912871960889494
1.01412560185591
1.11185481844058
1.20360459880406
1.31728624544493
1.40193515903438
1.50287939497488
1.62863047873363
1.69592108281672
1.71916823598798
1.84670833030706
1.95002886798826
2.04198282174768
2.05360136256684
2.12862542659274
2.12135322080975
2.25356485633074
2.28502862848191
2.39248177510630
2.30105407882929
2.42080310364472
2.44965659226512
2.60600504550841
2.57730594068296
2.49095643715639
2.54646591947374
2.73020520751058
2.69358307635646
2.73060497192693
2.30142291324223
2.66356032617510
2.19040266676730
2.35666519277822
2.35199256261293
2.40024977022031
2.93515053134191
2.53539357573335
2.10330697727612
2.08773474532166
2.01241589817558