14.0456106951852
13.6514359487221
13.0434246093377
13.0103380000573
12.5660577128639
12.5263076782317
12.0832069879926
11.6816392383091
11.0875935284095
10.5687111560942
10.6713999181842
9.86693690867169
9.67997486314829
9.56129421609196
9.36016959211885
8.73385144411095
8.62177482707725
8.15958686598308
7.81145198411250
7.33741356862234
7.15958164996455
6.90502659023592
6.52351778130162
5.92980609111566
5.80873702350033
5.45715379416277
5.16365207353015
4.77181094949152
4.48754781130988
4.28738253897150
4.01695033863902
3.70938877768914
3.39666482321723
3.13809716347425
2.88793905931109
2.65377004952252
2.37319221723978
2.16670730276548
1.91429286977946
1.70357253041726
1.50281914313121
1.29674483914935
1.10888270949283
0.922787611598574
0.741088828193912
0.567882383145121
0.409005063394984
0.254838793027195
0.116089600623703
0.0113733656251254
0.0113205802631337
0.114948661826289
0.247073857815513
0.393701060196374
0.547491607483088
0.703850119257556
0.864144379716370
1.02228724201970
1.18399368438691
1.35116280751413
1.52232117604302
1.69870911911921
1.84584410501583
2.02697494486997
2.21068579301466
2.38863225377323
2.57785415506204
2.76710938181345
2.96687664357892
3.12112840079496
3.28868420716115
3.49481318255277
3.67118180727553
3.88288306609750
4.06517302348741
4.19845197580355
4.35763955388758
4.61418570954894
4.67530401785487
4.83764749780329
5.01042773505995
5.22366490047946
5.23304607259402
5.58627710456363
5.72434637792049
5.77190580124607
6.03743995386681
6.23514591055478
6.27783769709828
6.33091377506892
6.57171598098698
6.67004126956910
6.87173048899392
6.98960684212361
7.00297252502154
6.78174345003813
6.93683850036218
7.05118452417142
7.29248193460437
7.42621352624693