27.5537850501713
24.1542311618652
24.9368272775813
23.2302094494092
23.5446368622968
22.9775009957288
25.4869174411835
21.8682288429199
21.9913807200536
23.0578992801415
21.3064156331872
23.4738577251602
22.6025407956946
19.8473122031934
20.6705518842377
21.2438676931442
18.0515780036291
22.0871611755772
17.8782245279499
20.8170277399208
19.4532235263994
17.2949291798298
17.5705962957042
17.2401053122456
17.0997434142733
17.8945077998096
14.0522294239691
15.6138063461593
15.4249094116354
14.9054238359831
15.0352886293065
14.2121352746325
13.5849824319176
14.0010658183120
13.5090795966628
13.0670541321248
12.4835299906417
11.9623316600426
13.0296357714033
12.3383187301221
10.3877080662369
10.6389518300496
10.1545821595017
10.7004855901550
11.0182956124460
10.1197221140461
9.86238096422919
10.5669952427182
9.12219955894735
9.68415222929984
8.77164323497182
9.14959163853669
8.79973156237917
8.41685347861305
7.93819691645575
8.01045038174480
7.22685498537544
6.94141483887869
6.87104734703140
6.87432593768273
6.33359930179637
6.23574853286075
6.22858683794667
5.85232514829196
5.83868447826714
5.60857414044483
5.23093336680404
4.88036366071955
4.90757736400854
4.69355349342445
4.70616310244050
4.16672149768139
4.12673378470938
3.99731230653531
3.82832732868217
3.61622512095300
3.25556144488341
3.18214504523223
2.95629572894588
2.68283864326847
2.57986524365618
2.37761623671131
2.29270441475489
2.13578388106269
1.84703201967039
1.75357421131586
1.53821377016927
1.35509946668195
1.28575798110713
1.14968812320929
0.979299614959655
0.850057383126247
0.698324726095110
0.548901990771502
0.436482288469533
0.327366519612721
0.227661169371668
0.133237194931329
0.0566882800129617
0.0189493182033103
0.0188201523973506
0.0558252093336583
0.133299134847158
0.220241906086304
0.322672926501926
0.447136226598177
0.572241755220805
0.672236341376319
0.776351517499997
0.943440624615150
1.05568754300088
1.19730033330936
1.34679709512085
1.51151638242583
1.69403699275341
1.81266203897540
1.92708400272038
2.02165323240134
2.17484877622706
2.29059083780468
2.47707525430864
2.75304950519405
2.86779341940020
2.98226492622298
3.07966931654310
3.22381127685277
3.12933484233837
3.62513500083332
3.67450131481501
3.85140080396681
3.98430237232544
4.15205702573263
4.20300805006196
4.53480592645116
4.63704715873194
4.67015236447343
4.77175453155548
5.06209504391064
5.15106910448493
5.51073522216096
5.45922250481794
5.59620482127329
5.64975734242535
5.93764381626910
5.97698397365786
6.06363004865331
6.37486732972701
6.10409662394352
6.58235317490402
6.80023769072904
7.22277699630175
6.78641317123978
7.53829848503717
7.63379116534994
7.23829666610621
7.66073819936175
7.24319652832250
8.49961397816848
7.74066853070840
8.39914946669138
8.02023390812861
7.90494355252270
8.84577281798113
8.14909971788868
9.85253381015041
9.08258658115945
9.12504362633135
9.86428067004807
10.1811245397674
9.66166970598675
9.74712149539998
9.65249258978728
10.2368231232201
11.1829834393489
10.7804946372519
11.4248444656418
10.7510544980857
10.9397987323355
11.7043646069786
11.7747036593301
12.0059433490380
10.9041669001346
11.4765045053394
13.9325870828552
12.5879919169676
11.9663579567958
13.3490278091933
13.2888176032946
12.7533649830501
12.8127570873607
12.5361876098658
13.6811586458620
13.7760315813136
13.8729747646855
13.6473708523972
13.3348512147484
14.0170712262676
13.1358453405496
15.2608997941317
13.9944260078739