42.1093939650491
39.1496952452868
38.9467230038243
37.6127135330446
37.4464165001976
35.3439096076398
34.8535284892384
35.6097749931261
32.1785833521002
31.1590318388588
28.7050080917051
28.8834034689674
26.4272090924667
26.5103638807799
24.7860317515145
25.3120306772007
23.1581850166388
21.7927100885166
20.9953436901081
20.2214983943749
19.5096664176754
18.2487520223180
17.1094893979355
16.9536472768758
15.5662662670743
14.7613433185207
14.2256861264618
13.2473419080192
12.5024482079115
11.5145364650244
10.8415483896619
10.0369830573568
9.30452812547858
8.94198039109966
7.99871148525450
7.42832679401430
6.50373898189909
5.92146771088183
5.29497881515751
4.58690046932086
4.00116009427677
3.39368817789759
2.86205253365890
2.27299242387630
1.79931434198822
1.33063370644368
0.908549114937831
0.529838305160536
0.229204014551015
0.0760429293916119
0.0746141937055417
0.224054270596091
0.526267905477512
0.873057573650650
1.25916118512554
1.70484819241152
2.17640193364919
2.63272005699042
3.13427965833722
3.67625919754974
4.12677605021951
4.64458335042078
5.21267627326894
5.82389524944582
6.39900815945956
6.73248185394968
7.28577033308896
7.87866414573589
8.32501135382235
8.78734393740350
9.19785021165539
9.87719411643221
10.4310524786035
11.1841312631371
11.9600749855018
12.0253084009582
12.6454974820798
12.9573216042433
13.6411759218931
13.9378538183064
14.4060340450853
15.3559382100593
15.7529446996629
16.1723032644688
16.3534415099168
17.3738907321044
17.6012728613036
18.6160376660400
18.4683904502282
18.9660255715143
19.4517145181068
20.1526136451733
20.9971373884080
20.8537428810015
21.1717908503780
21.6792960162772
22.8929755511219
22.7852993085909
23.7050177430924
23.7806828926610