2.33929791243309
-1.01145498790941
1.76426051525413
-0.252342708646404
-0.894261955928512
1.52354244637950
-0.118531656759806
1.01873644073662
0.954437213537983
-1.66458412791902
-1.06699250769821
0.156548237089130
-0.523110682554338
0.544134246807154
0.914722208639254
-1.01025438465018
-1.24594373763100
-1.08929601234842
-0.332551563439667
0.914168025944575
0.0418375852907490
0.0476322940052781
0.871260459530255
0.0893491713978252
-0.292704960988468
0.107063647289980
-0.551351922527592
0.332375117683012
-0.306036351469909
0.146671123302410
-0.325702758400729
-0.0795507381416469
0.402104040739785
0.391801488352955
0.150057497944952
0.0124355749336923
0.200500922703575
0.413996437600520
0.262005239513892
-0.0409626857143729
-0.257252805548738
0.0470838782577915
-0.0107943626322939
-0.181470269500928
0.0166165900615997
-0.0620333667200005
-0.113619967442287
-0.0658819415259452
0.00533124048635967
0.0298809003768988
-0.0577582264515402
0.0554259890794988
-0.0100479351188507
-0.0610034160510257
0.0824730322276787
-0.0471905569656537
0.0644790273768822
0.00636438007175015
0.0648723240559437
0.0614424677941607
-0.0424019379946025
0.0243299591318912
0.00200211268092281
0.0454891570722444
-0.0994229819709425
0.0429995922643397
-0.0700156788575738
-0.00738665528329723
-0.0438122637365761
-0.0391060117483363
-0.0115099739671128
-0.0349122395327735
-0.0560216020617991
0.0231483522685090
-0.0100018515864476
0.0278918510874828
-0.0157772764123921
0.0150631079640145
-0.0120462567186606
-0.00119286812966715
-0.00422123666958108
0.00334209642167093
0.0113166556743676
0.00904228038410535
0.0127445146564881
-0.00170396950940361
-0.0137113282225661
0.00752608661564458
0.00331425180223039
0.00366858494681842
-0.00249129926526298
-0.00335659149106647
0.00115854029910916
0.000804715322048859
-0.000292098169492841
0.00235340307301744
0.000319275705377092
-0.000785183420156143
-4.54963420275927e-05
2.09716433950104e-05
8.18907238680748e-06
0.000119774256081354
-4.40330527066702e-05
-0.000258821953070775
-0.000617288455636727
0.000880477010223733
0.000387868086869135
6.15695580143133e-05
-0.00683657975182406
-0.00600718634958526
0.00941925253672814
0.00820881189029492
0.00985398856323400
-0.0140376675271519
-0.0156836459896812
-0.000739440741145480
-0.00168025290411993
0.00973658705040102
-0.0107055458355913
0.00592422861408223
0.0184632470178573
-0.0139966498962045
-0.000254291886674617
-0.0157588379492739
-0.00394296669721170
0.0351166120780697
-0.00323792057872590
-0.0195560518460912
0.0320421356951192
-0.0397320523698577
0.0170174732762409
-0.0215193873069449
0.0622205729058608
0.0271238590223361
-0.0134567277665429
0.0636033126826644
0.00335205110075373
0.0212428564721716
-0.0696938330237145
0.0706086208816864
-0.0337535231038803
0.103595516783041
-0.0890715688487508
-0.0347333899552396
0.0791411432563219
-0.0570109839286139
-0.0876795607743552
0.0497532186923725
-0.0646024810490635
-0.110998139369878
-0.0713261954055338
0.000623239096526329
-0.0624190306673797
0.340364256056041
-0.0670504064172481
-0.00913695316691367
-0.116533603979710
-0.0172175439496166
0.132117821179701
-0.139262695399618
-0.243231421363214
0.0205759654973710
-0.291445816416756
0.0686558074743346
0.0584283962661086
0.102508209946869
-0.128768935329137
0.134863143434658
-0.435385144003612
-0.453857042920054
-0.0781756611593770
-0.395618182516180
-0.0655040787267091
-0.163734083131075
-0.382052220561834
-0.201677611389839
0.0430947106592592
0.580225146435983
-0.0480236887625827
0.254358215688277
-0.210364196026969
0.467467537579752
-0.612130328807328
0.773710029042406
-0.371270179287983
-0.430876042878343
-0.175873798779020
-0.709254574626505
0.629737385777697
0.442804990305717
-0.347289912392117
-0.107546507875425
0.169171341260575
-0.0580133923721845
-0.476270236419297
0.857876650356967
0.596347771585379
-0.990752626220763
0.549347567699392
0.376421314900522