-0.169455783639654
0.540842774910231
-0.179068995201689
0.157377840769675
-0.143929964298174
0.0660039561729975
0.299265538753123
-0.140538522663493
-0.199796653510395
0.326487622777388
0.159562207872823
0.281763978225796
0.125442999671719
-0.0124236281931658
-0.0254411525564235
0.111776444282030
0.276268776774355
0.0350712369447787
0.331505293264549
0.0160796829145593
-0.254860256378239
-0.0612003454718723
0.475992903773228
-0.0442471102116717
0.0961558503700532
-0.0341892901163097
0.0643879510910770
-0.0547772375842274
0.178596309769502
0.270621953988761
0.00445274374253460
0.0357238437683302
-0.187547122982234
-0.00643184818799851
0.250005981418740
0.115294182390233
-0.00380038958786932
0.0747501747658568
-0.00849756025094988
-0.0663665099650907
0.00928743685876335
0.196851712060282
0.0781509842439607
0.00742248749381236
-0.0982068994163681
0.146998446400336
0.0861316285494762
0.102864078833900
-0.130216317699597
0.0502319314769467
-0.0515271809200726
-0.0215822468090681
-0.0548526792407373
-0.0189051134873473
0.0312596926449181
0.0886050380186836
-0.00482303136087431
-0.0596959315806491
-0.0228907629394544
0.0303034682232988
-0.0786241213947340
0.0132106453888360
-0.0317216397718418
0.00288383972038282
-0.0309440143413514
0.0205112611993586
-0.0187362529902932
0.00667811889110849
-0.0138886212537395
0.0348379023812782
0.0118790419560965
-0.0284281965127893
-0.00128698545860214
0.0190923268205753
0.0196125106866035
0.0100852764514119
0.00661681936138066
-0.0153059659719627
-0.0265932016999832
0.00537989959520231
-0.00514013629092179
0.00401871574190268
-0.00772609592610996
-0.000798686202474115
0.00926548189774176
0.00332838531345454
0.00817760938556417
-0.000666810931404077
0.00296641400970074
-0.000919731100438488
0.00588655873677642
-0.00213527499963691
-0.000816837176423995
0.00301416232320592
0.000218064467319099
-0.00133448270130635
0.00152431429951070
0.000508230305250389
-0.000289684075733129
1.45701233928512e-06
-7.52056665277844e-06
-2.48055105802219e-05
0.000327253075331625
0.000711459012502537
0.00221871828761346
-0.000695340521710482
-0.00147369188096791
-0.00173389335432552
-0.000385116089380745
0.00481924388210307
-0.00358886199905689
0.00317162350790868
0.00440934105182025
-0.00324067040013024
-0.00581296981100688
-0.00824259485760126
-0.0239105965414190
-0.00187383895750082
-0.00924352307887062
-0.00881899848247872
0.00376926310373939
0.000488142297758276
0.0126243139932800
-0.00829048399432320
-0.00911622488494439
-0.0198605172858841
-0.00690132633478255
-0.00740004854639373
-0.00472234330107569
0.0174150732436866
-0.0167909436720801
-0.00333895487415622
-0.0160347955419166
-0.0277162827941562
0.0331869655262610
0.00689090068906513
0.0320417690863048
-0.0108782496747073
-0.0119773560276813
0.00768621700661815
-0.0517965251477794
-0.00490816152129719
-0.00223640543618972
-0.0508115669481738
0.00337531697893137
-0.00484843503204111
0.0376430886877938
0.0137490444031364
0.0553611155369131
-0.0231491404824169
-0.0971136542982317
0.0132362926056309
0.127655521319672
0.0138301881082451
0.0851197363040150
0.104323257390448
0.0332311457322330
0.0868806371002007
0.0632222309571067
0.0886284861483294
0.0563462707763892
0.0448235680235080
-0.132456408242050
0.192954449779986
0.0908957872874671
0.208019347369278
0.106830859883944
-0.0845701349360974
0.0320423284659024
-0.115725929922849
0.0287831808905566
0.0499636528465393
0.0294332520592052
-0.0548670483651810
-0.437389388623155
0.186984839802242
0.291466084363724
0.0546701851148127
0.169347813741167
0.0470296084808169
-0.158504555084119
0.0606990577868310
-0.0200147418899816
-0.0644415904630845
-0.271959754942044
0.136518432531707
0.0727817761136802
-0.141464111207761
0.0655029250399928
-0.0484858322236319
0.221676842409408
0.166605266908926
-0.116968885247877
0.0960758120695320
-0.124274107614365
0.157622874390213
-0.163866750352219
-0.458013305330066
-0.295650189584757
0.295151398086372