0.0303694664825488
0.00952437794665206
0.0375303853533114
-0.0266293161976330
0.0205646217129831
0.0133192674583772
0.0163570402941483
0.00422406487889496
-0.00696289455019220
0.0404559821080453
0.00887120161200919
-0.00807053313531625
-0.00500300218176481
-0.0108524459907372
-0.0131599961414135
-0.0318445149774074
-0.0324915217165416
-0.0176628145589321
-0.0137166640207560
0.0284596074018634
0.00576131071740826
0.0125136200237873
0.0275806838474731
-0.00133776047569218
-0.00922360623256703
-0.00310772527858842
0.00248802054900723
-0.00548281969473122
-0.000216494991612399
0.00318903971486752
-0.00161270585650940
0.00554489411120292
0.00913780206372621
0.000456399900222660
-0.00399782759462225
-0.00313815605763237
-0.00400005930851937
-0.00142001915595023
0.000937816948406824
0.00230988372370044
-0.00150046556113003
-0.000542835443202801
-0.00108494195372149
0.00125986944454839
9.44810714266708e-05
0.000673913048915916
-0.000384739233976118
0.000203864570906409
0.000257618410863998
-1.40229757357117e-05
-1.79024721315328e-05
-4.62051887925629e-06
-0.000153848989988957
-0.000119467321043111
0.00119157343870876
0.000572110746328787
-0.00249700140517992
0.000458453500339716
-0.000187186023061280
-0.00270175793895792
-0.00169331498595941
0.00438373602229609
0.000779394570330532
0.00346521448298518
-0.000322638266719755
-0.00329687180229753
-0.00133177625877040
0.000352411725398187
-0.00949518473563033
0.00828921064681022
-0.00984992970255828
-0.00769286330151677
0.00221148021467570
0.00349551433090704
-0.00294405343203856
-0.00473267390745736
-0.00689630296779995
0.00732032311097852
0.0178138049164307
-0.0137951619798114
0.00516258469539609
0.0134664481958799
-0.00948840370256998
0.00333214168606353
0.0267700499998465
-0.00316770266004240
0.0230997594611753
-0.00360235989435730
0.0284769532517077
0.00959268882825990
0.00555091043203716
-0.0322858155392539
0.00570743818573427
-0.00767604260120122
-0.00905744195220617
-0.00918827692059130
0.00389176846267479
-0.000939217337454365
-0.0177400438384300
-0.0386386391692602