0.114725968274979
-0.0184611204973393
-0.166601146344815
-0.0467319476004987
0.0427956359057648
0.0205134381854227
0.0627049747173053
-0.0563293719878190
0.0504149255743140
-0.0663072540877326
-0.0432753630919276
-0.126596625013067
-0.0738938664434936
0.0401334958686707
-0.0459054071772852
-0.0580637756122928
-0.0659604167607777
0.119797744168312
0.0446978283570907
0.0103136435266016
-0.183550429440870
-0.125364552537745
-0.164977676733471
0.0789247550364327
-0.0750383840617050
-0.0756427741031742
0.112891076146441
0.141800771160491
-0.0183163651169368
0.0874383032835870
-0.210000414945196
0.116467050399111
-0.0738653527970587
-0.0596984810941559
0.0630190721938736
-0.0194435578390853
-0.0254475458183286
0.0128055127217982
0.0780097912641263
-0.0506211756951104
0.0503028175223463
-0.0259971299398918
0.0619682883208060
-0.126973424257096
0.0528295570665404
0.00244096589018039
-0.0129601676442045
-0.0341805738578150
0.00663612474626172
0.0355452978247775
0.0572440200693876
-0.0251607669401053
0.0329506484036723
0.0575568595019450
-0.0737717196734899
-0.0931488757416126
0.00352175784174268
-0.0376055532084709
0.0428713493759953
0.0172164284635221
0.0106268345931986
0.0188192236970965
0.00699408355164121
0.0454467458491377
-0.0354794320967381
0.0553255034994657
0.0250282288677437
0.00511631518704344
-0.0299862532782214
0.0127557059038110
0.00186095730365936
0.0126307438047796
0.0343013027642421
0.00646781798189098
-0.0248897849642911
0.00341224676114136
-0.0204800831640993
0.000459151738264027
-0.00844274830134416
-0.0140411739240093
0.00201888863358566
-0.00910164834664745
0.00498114093487738
-0.00653459902654155
-0.0161437859860423
-0.00405886032824711
-0.00555717118901180
0.00288836757276247
0.00734793691732552
0.00152825301281887
-0.00400698394430100
-0.00708972443652593
0.00342566179106565
-0.00207095344570963
-0.000800687576050199
0.00212259992926377
-0.000481622381808504
-0.000702980833754329
-0.000186723216021741
-0.000259849303372962
5.15291059058449e-06
5.65863472940885e-05
-0.000142447530741380
-4.93069665976105e-05
-7.33225889976671e-05
-0.000198603500999363
-0.00353652294319195
3.80868041141695e-05
-0.00525355438729476
-0.00298090269759565
0.00156769300276400
-0.00800632913392710
0.00369763750452155
-0.00569074404910470
0.00902290380614380
-0.00206026430691098
0.00907910904003226
0.0118555089636021
0.00289004392211939
-0.0171901716798271
-0.00140530661333357
-0.00793893792889738
-0.0100195503008620
-0.00517894492381044
-0.0292065870612138
0.00738494444050906
-0.0187164284380079
0.0105009647078906
-0.00335058878362443
-0.00577651048437337
-0.0178568363356168
-0.0137803642936651
0.0225281375478806
-0.0459661293956694
-0.0318134733566281
-0.00891786897666645
0.0493042403440195
0.00610788332149820
-0.0176208146292289
-0.0577970659332565
0.0376904463931694
-0.0217064179790726
0.0172013555242881
-0.00100257760293307
-0.00478144280339764
-0.0297874669365808
-0.00677375579906390
-0.0763133667212346
0.0111647141259048
-0.0688352312832591
0.0159767628553096
0.0484259776943850
0.0395767299371390
-0.0753646125360196
0.0334396958210416
0.0660201215177813
-0.0288814791714894
0.0149347192857216
-0.0185751099547078
0.0527982641597447
-0.0256384685944282
-0.0834458666142064
-0.0197179703742024
0.0223777205174938
0.0600829915288244
-0.101707099316533
-0.0134301801403079
-0.0636956632334246
0.0570250752009516
-0.00492043812321287
-0.0367375918737281
-0.107194241832254
0.109481424417021
0.184463358720697
-0.0890303815059771
0.0434396645154124
0.0808430830745952
-0.0405425253663660
-0.0479717511264854
-0.0706725992729579
0.177668337598563
0.112938819973946
0.0882076016631622
-0.119953047730430
0.0610593439964661
0.0689558744230807
0.144471207051530
-0.0541617001565213
-0.0603314887194193
0.0935699204942863
0.136804935201510
0.0230617393330033
-0.0780111350816443
-0.152005222907479
0.0332869832460306
0.130615496332121
-0.194786088226846
-0.00429607517443955
0.160859512505708
0.246562300755971